# Made in Blockbench 4.6.5
mtllib materials.mtl

o cube
v 1.5 0.5 1.1875
v 1.5 0.5 0.1875
v 1.5 0 1.1875
v 1.5 0 0.1875
v -1.5 0.5 0.1875
v -1.5 0.5 1.1875
v -1.5 0 0.1875
v -1.5 0 1.1875
vt 0 1
vt 1 1
vt 1 0.5
vt 0 0.5
vt 0 1
vt 1 1
vt 1 0.5
vt 0 0.5
vt 0 1
vt 1 1
vt 1 0.5
vt 0 0.5
vt 0 1
vt 1 1
vt 1 0.5
vt 0 0.5
vt 0 1
vt 1 1
vt 1 0
vt 0 0
vt 0 1
vt 1 1
vt 1 0
vt 0 0
vn 0 0 -1
vn 1 0 0
vn 0 0 1
vn -1 0 0
vn 0 1 0
vn 0 -1 0
usemtl none
f 4/4/1 7/3/1 5/2/1 2/1/1
f 3/8/2 4/7/2 2/6/2 1/5/2
f 8/12/3 3/11/3 1/10/3 6/9/3
f 7/16/4 8/15/4 6/14/4 5/13/4
f 6/20/5 1/19/5 2/18/5 5/17/5
f 7/24/6 4/23/6 3/22/6 8/21/6
o cube
v 1.5 0 1.5
v 1.5 0 -1.5
v 1.5 -0.0625 1.5
v 1.5 -0.0625 -1.5
v -1.5 0 -1.5
v -1.5 0 1.5
v -1.5 -0.0625 -1.5
v -1.5 -0.0625 1.5
vt 0 1
vt 1 1
vt 1 0.9375
vt 0 0.9375
vt 0 1
vt 1 1
vt 1 0.9375
vt 0 0.9375
vt 0 1
vt 1 1
vt 1 0.9375
vt 0 0.9375
vt 0 1
vt 1 1
vt 1 0.9375
vt 0 0.9375
vt 0 1
vt 1 1
vt 1 0
vt 0 0
vt 0 1
vt 1 1
vt 1 0
vt 0 0
vn 0 0 -1
vn 1 0 0
vn 0 0 1
vn -1 0 0
vn 0 1 0
vn 0 -1 0
usemtl none
f 12/28/7 15/27/7 13/26/7 10/25/7
f 11/32/8 12/31/8 10/30/8 9/29/8
f 16/36/9 11/35/9 9/34/9 14/33/9
f 15/40/10 16/39/10 14/38/10 13/37/10
f 14/44/11 9/43/11 10/42/11 13/41/11
f 15/48/12 12/47/12 11/46/12 16/45/12
o cube
v 0.03125 0.375 0.15625
v 0.03125 0.375 -0.15625
v 0.03125 -0.03125 0.15625
v 0.03125 -0.03125 -0.15625
v -0.28125 0.375 -0.15625
v -0.28125 0.375 0.15625
v -0.28125 -0.03125 -0.15625
v -0.28125 -0.03125 0.15625
vt 0.0625 0.09375
vt 0.125 0.09375
vt 0.125 0
vt 0.0625 0
vt 0 0.09375
vt 0.0625 0.09375
vt 0.0625 0
vt 0 0
vt 0.1875 0.09375
vt 0.25 0.09375
vt 0.25 0
vt 0.1875 0
vt 0.125 0.09375
vt 0.1875 0.09375
vt 0.1875 0
vt 0.125 0
vt 0.1875 0.1875
vt 0.125 0.1875
vt 0.125 0.25
vt 0.1875 0.25
vn 0 0 -1
vn 1 0 0
vn 0 0 1
vn -1 0 0
vn 0 -1 0
usemtl m_1923994e-0f1c-1a47-35ef-ab26f18b8828
f 20/52/13 23/51/13 21/50/13 18/49/13
f 19/56/14 20/55/14 18/54/14 17/53/14
f 24/60/15 19/59/15 17/58/15 22/57/15
f 23/64/16 24/63/16 22/62/16 21/61/16
f 23/68/17 20/67/17 19/66/17 24/65/17
o cube
v 0 0.375 0.125
v 0 0.375 -0.125
v 0 0 0.125
v 0 0 -0.125
v -0.25 0.375 -0.125
v -0.25 0.375 0.125
v -0.25 0 -0.125
v -0.25 0 0.125
vt 0.3125 0.09375
vt 0.375 0.09375
vt 0.375 0
vt 0.3125 0
vt 0.25 0.09375
vt 0.3125 0.09375
vt 0.3125 0
vt 0.25 0
vt 0.4375 0.09375
vt 0.5 0.09375
vt 0.5 0
vt 0.4375 0
vt 0.375 0.09375
vt 0.4375 0.09375
vt 0.4375 0
vt 0.375 0
vt 0.3125 0.25
vt 0.375 0.25
vt 0.375 0.1875
vt 0.3125 0.1875
vt 0.375 0.25
vt 0.4375 0.25
vt 0.4375 0.1875
vt 0.375 0.1875
vn 0 0 -1
vn 1 0 0
vn 0 0 1
vn -1 0 0
vn 0 1 0
vn 0 -1 0
usemtl m_1923994e-0f1c-1a47-35ef-ab26f18b8828
f 28/72/18 31/71/18 29/70/18 26/69/18
f 27/76/19 28/75/19 26/74/19 25/73/19
f 32/80/20 27/79/20 25/78/20 30/77/20
f 31/84/21 32/83/21 30/82/21 29/81/21
f 30/88/22 25/87/22 26/86/22 29/85/22
f 31/92/23 28/91/23 27/90/23 32/89/23
o cube
v 0 0.4542468245269451 0.4375
v 0 0.6707531754730547 0.3125
v 0 0.2667468245269451 0.1127404735808355
v 0 0.4832531754730547 -0.012259526419164501
v -0.25 0.6707531754730547 0.3125
v -0.25 0.4542468245269451 0.4375
v -0.25 0.4832531754730547 -0.012259526419164501
v -0.25 0.2667468245269451 0.1127404735808355
vt 0.3125 0.1875
vt 0.375 0.1875
vt 0.375 0.09375
vt 0.3125 0.09375
vt 0.25 0.1875
vt 0.3125 0.1875
vt 0.3125 0.09375
vt 0.25 0.09375
vt 0.4375 0.1875
vt 0.5 0.1875
vt 0.5 0.09375
vt 0.4375 0.09375
vt 0.375 0.1875
vt 0.4375 0.1875
vt 0.4375 0.09375
vt 0.375 0.09375
vt 0.3125 0.25
vt 0.375 0.25
vt 0.375 0.1875
vt 0.3125 0.1875
vt 0.375 0.25
vt 0.4375 0.25
vt 0.4375 0.1875
vt 0.375 0.1875
vn 0 0.8660254037844386 -0.5000000000000001
vn 1 0 0
vn 0 -0.8660254037844386 0.5000000000000001
vn -1 0 0
vn 0 0.5000000000000001 0.8660254037844386
vn 0 -0.5000000000000001 -0.8660254037844386
usemtl m_1923994e-0f1c-1a47-35ef-ab26f18b8828
f 36/96/24 39/95/24 37/94/24 34/93/24
f 35/100/25 36/99/25 34/98/25 33/97/25
f 40/104/26 35/103/26 33/102/26 38/101/26
f 39/108/27 40/107/27 38/106/27 37/105/27
f 38/112/28 33/111/28 34/110/28 37/109/28
f 39/116/29 36/115/29 35/114/29 40/113/29
o cube
v 0.03125 0.44280853065868175 0.4801882938682638
v 0.03125 0.7134414693413187 0.3239382938682638
v 0.03125 0.23968353065868175 0.1283654735808355
v 0.03125 0.5103164693413187 -0.0278845264191645
v -0.28125 0.7134414693413187 0.3239382938682638
v -0.28125 0.44280853065868175 0.4801882938682638
v -0.28125 0.5103164693413187 -0.0278845264191645
v -0.28125 0.23968353065868175 0.1283654735808355
vt 0.0625 0.1875
vt 0.125 0.1875
vt 0.125 0.09375
vt 0.0625 0.09375
vt 0 0.1875
vt 0.0625 0.1875
vt 0.0625 0.09375
vt 0 0.09375
vt 0.1875 0.1875
vt 0.25 0.1875
vt 0.25 0.09375
vt 0.1875 0.09375
vt 0.125 0.1875
vt 0.1875 0.1875
vt 0.1875 0.09375
vt 0.125 0.09375
vt 0.125 0.1875
vt 0.0625 0.1875
vt 0.0625 0.25
vt 0.125 0.25
vn 0 0.8660254037844386 -0.5000000000000001
vn 1 0 0
vn 0 -0.8660254037844386 0.5000000000000001
vn -1 0 0
vn 0 0.5000000000000001 0.8660254037844386
usemtl m_1923994e-0f1c-1a47-35ef-ab26f18b8828
f 44/120/30 47/119/30 45/118/30 42/117/30
f 43/124/31 44/123/31 42/122/31 41/121/31
f 48/128/32 43/127/32 41/126/32 46/125/32
f 47/132/33 48/131/33 46/130/33 45/129/33
f 46/136/34 41/135/34 42/134/34 45/133/34
o cube
v 0.25 0.6959130820506365 0.11854045690077486
v 0.25 0.6165869179493635 -0.11854045690077492
v 0.25 0.3402917113483118 0.2375297030526845
v 0.25 0.2609655472470388 0.0004487892511346736
v 0 0.6165869179493635 -0.11854045690077492
v 0 0.6959130820506365 0.11854045690077486
v 0 0.2609655472470388 0.0004487892511346736
v 0 0.3402917113483118 0.2375297030526845
vt 0.0625 0.59375
vt 0.125 0.59375
vt 0.125 0.5
vt 0.0625 0.5
vt 0 0.59375
vt 0.0625 0.59375
vt 0.0625 0.5
vt 0 0.5
vt 0.1875 0.59375
vt 0.25 0.59375
vt 0.25 0.5
vt 0.1875 0.5
vt 0.125 0.59375
vt 0.1875 0.59375
vt 0.1875 0.5
vt 0.125 0.5
vt 0.0625 0.75
vt 0.125 0.75
vt 0.125 0.6875
vt 0.0625 0.6875
vt 0.375 0.25
vt 0.4375 0.25
vt 0.4375 0.1875
vt 0.375 0.1875
vn 0 -0.31730465640509214 -0.9483236552061993
vn 1 0 0
vn 0 0.31730465640509214 0.9483236552061993
vn -1 0 0
vn 0 0.9483236552061993 -0.31730465640509214
vn 0 -0.9483236552061993 0.31730465640509214
usemtl m_1923994e-0f1c-1a47-35ef-ab26f18b8828
f 52/140/35 55/139/35 53/138/35 50/137/35
f 51/144/36 52/143/36 50/142/36 49/141/36
f 56/148/37 51/147/37 49/146/37 54/145/37
f 55/152/38 56/151/38 54/150/38 53/149/38
f 54/156/39 49/155/39 50/154/39 53/153/39
f 55/160/40 52/159/40 51/158/40 56/157/40
o cube
v 0.28125 0.7058288525632956 0.14817557112596869
v 0.28125 0.6066711474367044 -0.14817557112596863
v 0.28125 0.32057236763577734 0.27708058779053724
v 0.28125 0.22141466250918607 -0.019270554461400025
v -0.03125 0.6066711474367044 -0.14817557112596863
v -0.03125 0.7058288525632956 0.14817557112596869
v -0.03125 0.22141466250918607 -0.019270554461400025
v -0.03125 0.32057236763577734 0.27708058779053724
vt 0.0625 0.34375
vt 0.125 0.34375
vt 0.125 0.25
vt 0.0625 0.25
vt 0 0.34375
vt 0.0625 0.34375
vt 0.0625 0.25
vt 0 0.25
vt 0.1875 0.34375
vt 0.25 0.34375
vt 0.25 0.25
vt 0.1875 0.25
vt 0.125 0.34375
vt 0.1875 0.34375
vt 0.1875 0.25
vt 0.125 0.25
vt 0.125 0.5
vt 0.1875 0.5
vt 0.1875 0.4375
vt 0.125 0.4375
vn 0 -0.31730465640509214 -0.9483236552061993
vn 1 0 0
vn 0 0.31730465640509214 0.9483236552061993
vn -1 0 0
vn 0 -0.9483236552061993 0.31730465640509214
usemtl m_1923994e-0f1c-1a47-35ef-ab26f18b8828
f 60/164/41 63/163/41 61/162/41 58/161/41
f 59/168/42 60/167/42 58/166/42 57/165/42
f 64/172/43 59/171/43 57/170/43 62/169/43
f 63/176/44 64/175/44 62/174/44 61/173/44
f 63/180/45 60/179/45 59/178/45 64/177/45
o cube
v 0.25 0.4404629991100083 0.3479450482577372
v 0.25 0.6845370008899916 0.4020549517422629
v 0.25 0.5216278543367969 -0.018165954412237784
v 0.25 0.7657018561167801 0.03594394907228793
v 0 0.6845370008899916 0.4020549517422629
v 0 0.4404629991100083 0.3479450482577372
v 0 0.7657018561167801 0.03594394907228793
v 0 0.5216278543367969 -0.018165954412237784
vt 0.0625 0.6875
vt 0.125 0.6875
vt 0.125 0.59375
vt 0.0625 0.59375
vt 0 0.6875
vt 0.0625 0.6875
vt 0.0625 0.59375
vt 0 0.59375
vt 0.1875 0.6875
vt 0.25 0.6875
vt 0.25 0.59375
vt 0.1875 0.59375
vt 0.125 0.6875
vt 0.1875 0.6875
vt 0.1875 0.59375
vt 0.125 0.59375
vt 0.0625 0.75
vt 0.125 0.75
vt 0.125 0.6875
vt 0.0625 0.6875
vt 0.375 0.25
vt 0.4375 0.25
vt 0.4375 0.1875
vt 0.375 0.1875
vn 0 0.9762960071199335 0.21643961393810265
vn 1 0 0
vn 0 -0.9762960071199335 -0.21643961393810265
vn -1 0 0
vn 0 -0.21643961393810265 0.9762960071199335
vn 0 0.21643961393810265 -0.9762960071199335
usemtl m_1923994e-0f1c-1a47-35ef-ab26f18b8828
f 68/184/46 71/183/46 69/182/46 66/181/46
f 67/188/47 68/187/47 66/186/47 65/185/47
f 72/192/48 67/191/48 65/190/48 70/189/48
f 71/196/49 72/195/49 70/194/49 69/193/49
f 70/200/50 65/199/50 66/198/50 69/197/50
f 71/204/51 68/203/51 67/202/51 72/201/51
o cube
v 0.28125 0.40319001095194473 0.3716905605446694
v 0.28125 0.7082825131769239 0.4393279399003265
v 0.28125 0.491118604114299 -0.02492969234780351
v 0.28125 0.796211106339278 0.042707687007853545
v -0.03125 0.7082825131769239 0.4393279399003265
v -0.03125 0.40319001095194473 0.3716905605446694
v -0.03125 0.796211106339278 0.042707687007853545
v -0.03125 0.491118604114299 -0.02492969234780351
vt 0.0625 0.4375
vt 0.125 0.4375
vt 0.125 0.34375
vt 0.0625 0.34375
vt 0 0.4375
vt 0.0625 0.4375
vt 0.0625 0.34375
vt 0 0.34375
vt 0.1875 0.4375
vt 0.25 0.4375
vt 0.25 0.34375
vt 0.1875 0.34375
vt 0.125 0.4375
vt 0.1875 0.4375
vt 0.1875 0.34375
vt 0.125 0.34375
vt 0.125 0.4375
vt 0.0625 0.4375
vt 0.0625 0.5
vt 0.125 0.5
vn 0 0.9762960071199335 0.21643961393810265
vn 1 0 0
vn 0 -0.9762960071199335 -0.21643961393810265
vn -1 0 0
vn 0 -0.21643961393810265 0.9762960071199335
usemtl m_1923994e-0f1c-1a47-35ef-ab26f18b8828
f 76/208/52 79/207/52 77/206/52 74/205/52
f 75/212/53 76/211/53 74/210/53 73/209/53
f 80/216/54 75/215/54 73/214/54 78/213/54
f 79/220/55 80/219/55 78/218/55 77/217/55
f 78/224/56 73/223/56 74/222/56 77/221/56
o cube
v -0.062499999999999944 1.875 0.25
v -0.062499999999999944 1.875 0.1875
v -0.062499999999999944 1.75 0.25
v -0.062499999999999944 1.75 0.1875
v -0.18749999999999983 1.875 0.1875
v -0.18749999999999983 1.875 0.25
v -0.18749999999999983 1.75 0.1875
v -0.18749999999999983 1.75 0.25
vt 0.333333125 0.9375
vt 0.375 0.9375
vt 0.375 0.875
vt 0.333333125 0.875
vt 0.395833125 0.9375
vt 0.416666875 0.9375
vt 0.416666875 0.875
vt 0.395833125 0.875
vt 0.375 0.9375
vt 0.395833125 0.9375
vt 0.395833125 0.875
vt 0.375 0.875
vt 0.375 0.9375
vt 0.395833125 0.9375
vt 0.395833125 0.875
vt 0.375 0.875
vt 0.375 0.958333125
vt 0.333333125 0.958333125
vt 0.333333125 0.958333125
vt 0.375 0.958333125
vt 0.375 0.958333125
vt 0.333333125 0.958333125
vt 0.333333125 0.958333125
vt 0.375 0.958333125
vn 0 0 -1
vn 1 0 0
vn 0 0 1
vn -1 0 0
vn 0 1 0
vn 0 -1 0
usemtl m_9d2ace8a-cfe7-0634-0a29-d8aa5721d4a9
f 84/228/57 87/227/57 85/226/57 82/225/57
f 83/232/58 84/231/58 82/230/58 81/229/58
f 88/236/59 83/235/59 81/234/59 86/233/59
f 87/240/60 88/239/60 86/238/60 85/237/60
f 86/244/61 81/243/61 82/242/61 85/241/61
f 87/248/62 84/247/62 83/246/62 88/245/62
o cube
v 0.18750000000000022 1.875 0.25
v 0.18750000000000022 1.875 0.1875
v 0.18750000000000022 1.75 0.25
v 0.18750000000000022 1.75 0.1875
v 0.06250000000000022 1.875 0.1875
v 0.06250000000000022 1.875 0.25
v 0.06250000000000022 1.75 0.1875
v 0.06250000000000022 1.75 0.25
vt 0.1875 0.916666875
vt 0.229166875 0.916666875
vt 0.229166875 0.895833125
vt 0.1875 0.895833125
vt 0.375 0.9375
vt 0.395833125 0.9375
vt 0.395833125 0.875
vt 0.375 0.875
vt 0.375 0.9375
vt 0.395833125 0.9375
vt 0.395833125 0.875
vt 0.375 0.875
vt 0.375 0.9375
vt 0.395833125 0.9375
vt 0.395833125 0.875
vt 0.375 0.875
vt 0.395833125 0.958333125
vt 0.354166875 0.958333125
vt 0.354166875 0.958333125
vt 0.395833125 0.958333125
vt 0.395833125 0.958333125
vt 0.354166875 0.958333125
vt 0.354166875 0.958333125
vt 0.395833125 0.958333125
vn 0 0 -1
vn 1 0 0
vn 0 0 1
vn -1 0 0
vn 0 1 0
vn 0 -1 0
usemtl m_9d2ace8a-cfe7-0634-0a29-d8aa5721d4a9
f 92/252/63 95/251/63 93/250/63 90/249/63
f 91/256/64 92/255/64 90/254/64 89/253/64
f 96/260/65 91/259/65 89/258/65 94/257/65
f 95/264/66 96/263/66 94/262/66 93/261/66
f 94/268/67 89/267/67 90/266/67 93/265/67
f 95/272/68 92/271/68 91/270/68 96/269/68
o cube
v 0.25 1.75 0.625
v 0.25 1.75 0.125
v 0.25 1.25 0.625
v 0.25 1.25 0.125
v -0.25 1.75 0.125
v -0.25 1.75 0.625
v -0.25 1.25 0.125
v -0.25 1.25 0.625
vt 0.125 0.875
vt 0.25 0.875
vt 0.25 0.75
vt 0.125 0.75
vt 0 0.875
vt 0.125 0.875
vt 0.125 0.75
vt 0 0.75
vt 0.375 0.875
vt 0.5 0.875
vt 0.5 0.75
vt 0.375 0.75
vt 0.25 0.875
vt 0.375 0.875
vt 0.375 0.75
vt 0.25 0.75
vt 0.125 1
vt 0.25 1
vt 0.25 0.875
vt 0.125 0.875
vt 0.25 1
vt 0.375 1
vt 0.375 0.875
vt 0.25 0.875
vn 0 0 -1
vn 1 0 0
vn 0 0 1
vn -1 0 0
vn 0 1 0
vn 0 -1 0
usemtl m_1923994e-0f1c-1a47-35ef-ab26f18b8828
f 100/276/69 103/275/69 101/274/69 98/273/69
f 99/280/70 100/279/70 98/278/70 97/277/70
f 104/284/71 99/283/71 97/282/71 102/281/71
f 103/288/72 104/287/72 102/286/72 101/285/72
f 102/292/73 97/291/73 98/290/73 101/289/73
f 103/296/74 100/295/74 99/294/74 104/293/74
o cube
v 0.2812500000000001 1.78125 0.65625
v 0.2812500000000001 1.78125 0.09375
v 0.2812500000000001 1.21875 0.65625
v 0.2812500000000001 1.21875 0.09375
v -0.28125 1.78125 0.09375
v -0.28125 1.78125 0.65625
v -0.28125 1.21875 0.09375
v -0.28125 1.21875 0.65625
vt 0.625000125 0.875
vt 0.749999875 0.875
vt 0.749999875 0.75
vt 0.625000125 0.75
vt 0.5 0.875
vt 0.625 0.875
vt 0.625 0.75
vt 0.5 0.75
vt 0.875 0.875
vt 1 0.875
vt 1 0.75
vt 0.875 0.75
vt 0.75 0.875
vt 0.875 0.875
vt 0.875 0.75
vt 0.75 0.75
vt 0.75 0.875
vt 0.625 0.875
vt 0.625 1
vt 0.75 1
vt 0.75 1
vt 0.875 1
vt 0.875 0.875
vt 0.75 0.875
vn 0 0 -1
vn 1 0 0
vn 0 0 1
vn -1 0 0
vn 0 1 0
vn 0 -1 0
usemtl m_1923994e-0f1c-1a47-35ef-ab26f18b8828
f 108/300/75 111/299/75 109/298/75 106/297/75
f 107/304/76 108/303/76 106/302/76 105/301/76
f 112/308/77 107/307/77 105/306/77 110/305/77
f 111/312/78 112/311/78 110/310/78 109/309/78
f 110/316/79 105/315/79 106/314/79 109/313/79
f 111/320/80 108/319/80 107/318/80 112/317/80
o cube
v 0.25 1.25 0.5
v 0.25 1.25 0.25
v 0.25 0.5 0.5
v 0.25 0.5 0.25
v -0.25 1.25 0.25
v -0.25 1.25 0.5
v -0.25 0.5 0.25
v -0.25 0.5 0.5
vt 0.3125 0.6875
vt 0.4375 0.6875
vt 0.4375 0.5
vt 0.3125 0.5
vt 0.25 0.6875
vt 0.3125 0.6875
vt 0.3125 0.5
vt 0.25 0.5
vt 0.5 0.6875
vt 0.625 0.6875
vt 0.625 0.5
vt 0.5 0.5
vt 0.4375 0.6875
vt 0.5 0.6875
vt 0.5 0.5
vt 0.4375 0.5
vt 0.4375 0.6875
vt 0.3125 0.6875
vt 0.3125 0.75
vt 0.4375 0.75
vt 0.4375 0.75
vt 0.5625 0.75
vt 0.5625 0.6875
vt 0.4375 0.6875
vn 0 0 -1
vn 1 0 0
vn 0 0 1
vn -1 0 0
vn 0 1 0
vn 0 -1 0
usemtl m_1923994e-0f1c-1a47-35ef-ab26f18b8828
f 116/324/81 119/323/81 117/322/81 114/321/81
f 115/328/82 116/327/82 114/326/82 113/325/82
f 120/332/83 115/331/83 113/330/83 118/329/83
f 119/336/84 120/335/84 118/334/84 117/333/84
f 118/340/85 113/339/85 114/338/85 117/337/85
f 119/344/86 116/343/86 115/342/86 120/341/86
o cube
v 0.28125 1.28125 0.53125
v 0.28125 1.28125 0.21875
v 0.28125 0.46875 0.53125
v 0.28125 0.46875 0.21875
v -0.28125 1.28125 0.21875
v -0.28125 1.28125 0.53125
v -0.28125 0.46875 0.21875
v -0.28125 0.46875 0.53125
vt 0.3125 0.4375
vt 0.4375 0.4375
vt 0.4375 0.25
vt 0.3125 0.25
vt 0.25 0.4375
vt 0.3125 0.4375
vt 0.3125 0.25
vt 0.25 0.25
vt 0.5 0.4375
vt 0.625 0.4375
vt 0.625 0.25
vt 0.5 0.25
vt 0.4375 0.4375
vt 0.5 0.4375
vt 0.5 0.25
vt 0.4375 0.25
vt 0.4375 0.4375
vt 0.3125 0.4375
vt 0.3125 0.5
vt 0.4375 0.5
vt 0.4375 0.5
vt 0.5625 0.5
vt 0.5625 0.4375
vt 0.4375 0.4375
vn 0 0 -1
vn 1 0 0
vn 0 0 1
vn -1 0 0
vn 0 1 0
vn 0 -1 0
usemtl m_1923994e-0f1c-1a47-35ef-ab26f18b8828
f 124/348/87 127/347/87 125/346/87 122/345/87
f 123/352/88 124/351/88 122/350/88 121/349/88
f 128/356/89 123/355/89 121/354/89 126/353/89
f 127/360/90 128/359/90 126/358/90 125/357/90
f 126/364/91 121/363/91 122/362/91 125/361/91
f 127/368/92 124/367/92 123/366/92 128/365/92
o cube
v 0.548161347257577 1.1998206216943121 -0.18056811684144625
v 0.5203913975449002 1.0616162416360249 -0.056937096358478934
v 0.6078042479924965 1.2041024448871405 -0.1623845973232147
v 0.5800342982798194 1.0658980648288532 -0.038753576840247383
v 0.47171286613446883 1.1876749313167156 0.07304696934078636
v 0.4994828158471457 1.325879311375003 -0.0505840511421809
v 0.5313557668693882 1.191956754509544 0.09123048885901786
v 0.5591257165820651 1.3301611345678312 -0.0324005316239494
vt 0.1875 0.125
vt 0 0.125
vt 0 0.1875
vt 0.1875 0.1875
vt 0 0.1875
vt 0.1875 0.1875
vt 0.1875 0.125
vt 0 0.125
vt 0 0.0625
vt 0.1875 0.0625
vt 0.1875 0
vt 0 0
vt 0 0.0625
vt 0.1875 0.0625
vt 0.1875 0
vt 0 0
vt 0 0.1875
vt 0.1875 0.1875
vt 0.1875 0
vt 0 0
vt 0 0
vt 0 0.1875
vt 0.1875 0.1875
vt 0.1875 0
vn -0.14810639846760995 -0.7370900269775319 0.6593654425758261
vn 0.25961883418896664 -0.6723130116303514 -0.6932483503960821
vn 0.14810639846760995 0.7370900269775319 -0.6593654425758261
vn -0.25961883418896664 0.6723130116303514 0.6932483503960821
vn -0.9542864117587107 -0.06850917108525272 -0.29093631229170486
vn 0.9542864117587107 0.06850917108525272 0.29093631229170486
usemtl m_2874b15e-a377-78dd-8e80-0333cf749cd2
f 132/372/93 135/371/93 133/370/93 130/369/93
f 131/376/94 132/375/94 130/374/94 129/373/94
f 136/380/95 131/379/95 129/378/95 134/377/95
f 135/384/96 136/383/96 134/382/96 133/381/96
f 134/388/97 129/387/97 130/386/97 133/385/97
f 135/392/98 132/391/98 131/390/98 136/389/98
o cube
v 0.5458742245859363 1.0656648050952238 -0.1414754584192231
v 0.5181042748732594 0.9274604250369365 -0.01784443793625584
v 0.6055171253208556 1.069946628288052 -0.12329193890099155
v 0.5777471756081787 0.9317422482297648 0.0003390815819757087
v 0.501878097736449 0.9694799882638334 0.025483583963499257
v 0.5296480474491259 1.1076843683221207 -0.098147436519468
v 0.5615209984713683 0.9737618114566617 0.04366710348173075
v 0.5892909481840451 1.111966191514949 -0.07996391700123645
vt 0.1875 0.3125
vt 0.25 0.3125
vt 0.25 0.25
vt 0.1875 0.25
vt 0.1875 0.125
vt 0.1875 0.3125
vt 0.25 0.3125
vt 0.25 0.125
vt 0.1875 0.1875
vt 0.25 0.1875
vt 0.25 0.125
vt 0.1875 0.125
vt 0.25 0.3125
vt 0.25 0.125
vt 0.1875 0.125
vt 0.1875 0.3125
vt 0.1875 0.3125
vt 0.25 0.3125
vt 0.25 0.125
vt 0.1875 0.125
vt 0.1875 0.125
vt 0.25 0.125
vt 0.25 0.3125
vt 0.1875 0.3125
vn -0.14810639846760995 -0.7370900269775319 0.6593654425758261
vn 0.25961883418896664 -0.6723130116303514 -0.6932483503960821
vn 0.14810639846760995 0.7370900269775319 -0.6593654425758261
vn -0.25961883418896664 0.6723130116303514 0.6932483503960821
vn -0.9542864117587107 -0.06850917108525272 -0.29093631229170486
vn 0.9542864117587107 0.06850917108525272 0.29093631229170486
usemtl m_2874b15e-a377-78dd-8e80-0333cf749cd2
f 140/396/99 143/395/99 141/394/99 138/393/99
f 139/400/100 140/399/100 138/398/100 137/397/100
f 144/404/101 139/403/101 137/402/101 142/401/101
f 143/408/102 144/407/102 142/406/102 141/405/102
f 142/412/103 137/411/103 138/410/103 141/409/103
f 143/416/104 140/415/104 139/414/104 144/413/104
o cube
v 0.5203913975449002 1.0616162416360249 -0.056937096358478934
v 0.5111347476406745 1.015548114949929 -0.01572675619748981
v 0.5800342982798194 1.0658980648288532 -0.038753576840247383
v 0.570777648375594 1.0198299381427574 0.0024567633207417394
v 0.49490857050386405 1.057567678176826 0.027601265702265287
v 0.5041652204080898 1.1036358048629218 -0.013609074458723835
v 0.5545514712387836 1.0618495013696543 0.04578478522049678
v 0.5638081211430093 1.1079176280557501 0.004574445059507659
vt 0.125 0.25
vt 0.1875 0.25
vt 0.1875 0.1875
vt 0.125 0.1875
vt 0.125 0.25
vt 0.1875 0.25
vt 0.1875 0.1875
vt 0.125 0.1875
vt 0.125 0.25
vt 0.1875 0.25
vt 0.1875 0.1875
vt 0.125 0.1875
vt 0.125 0.25
vt 0.1875 0.25
vt 0.1875 0.1875
vt 0.125 0.1875
vt 0.125 0.25
vt 0.1875 0.25
vt 0.1875 0.1875
vt 0.125 0.1875
vt 0.125 0.25
vt 0.1875 0.25
vt 0.1875 0.1875
vt 0.125 0.1875
vn -0.14810639846760995 -0.7370900269775319 0.6593654425758261
vn 0.25961883418896664 -0.6723130116303514 -0.6932483503960821
vn 0.14810639846760995 0.7370900269775319 -0.6593654425758261
vn -0.25961883418896664 0.6723130116303514 0.6932483503960821
vn -0.9542864117587107 -0.06850917108525272 -0.29093631229170486
vn 0.9542864117587107 0.06850917108525272 0.29093631229170486
usemtl m_2874b15e-a377-78dd-8e80-0333cf749cd2
f 148/420/105 151/419/105 149/418/105 146/417/105
f 147/424/106 148/423/106 146/422/106 145/421/106
f 152/428/107 147/427/107 145/426/107 150/425/107
f 151/432/108 152/431/108 150/430/108 149/429/108
f 150/436/109 145/435/109 146/434/109 149/433/109
f 151/440/110 148/439/110 147/438/110 152/437/110
o cube
v 0.552843751818521 0.977577115182231 -0.14359314015798913
v 0.4973038523931672 0.7011683550656567 0.10366890080794555
v 0.6124866525534405 0.9818589383750593 -0.12540962063975758
v 0.5569467531280867 0.705450178258485 0.12185242032617705
v 0.4810776752563568 0.7431879182925536 0.1469969227077006
v 0.5366175746817106 1.019596678409128 -0.10026511825823403
v 0.5407205759912763 0.7474697414853819 0.1651804422259322
v 0.5962604754166301 1.0238785016019563 -0.08208159874000254
vt 0.25 0.5625
vt 0.3125 0.5625
vt 0.3125 0.5
vt 0.25 0.5
vt 0.25 0.1875
vt 0.25 0.5625
vt 0.3125 0.5625
vt 0.3125 0.1875
vt 0.25 0.25
vt 0.3125 0.25
vt 0.3125 0.1875
vt 0.25 0.1875
vt 0.3125 0.5625
vt 0.3125 0.1875
vt 0.25 0.1875
vt 0.25 0.5625
vt 0.25 0.5625
vt 0.3125 0.5625
vt 0.3125 0.1875
vt 0.25 0.1875
vt 0.25 0.1875
vt 0.3125 0.1875
vt 0.3125 0.5625
vt 0.25 0.5625
vn -0.14810639846760995 -0.7370900269775319 0.6593654425758261
vn 0.25961883418896664 -0.6723130116303514 -0.6932483503960821
vn 0.14810639846760995 0.7370900269775319 -0.6593654425758261
vn -0.25961883418896664 0.6723130116303514 0.6932483503960821
vn -0.9542864117587107 -0.06850917108525272 -0.29093631229170486
vn 0.9542864117587107 0.06850917108525272 0.29093631229170486
usemtl m_2874b15e-a377-78dd-8e80-0333cf749cd2
f 156/444/111 159/443/111 157/442/111 154/441/111
f 155/448/112 156/447/112 154/446/112 153/445/112
f 160/452/113 155/451/113 153/450/113 158/449/113
f 159/456/114 160/455/114 158/454/114 157/453/114
f 158/460/115 153/459/115 154/458/115 157/457/115
f 159/464/116 156/463/116 155/462/116 160/461/116
o cube
v 0.5088476249690337 0.8813922983508409 0.023365902224733226
v 0.4718210253521312 0.697119791606458 0.18820726286868972
v 0.568490525703953 0.8856741215436692 0.04154942174296483
v 0.5314639260870506 0.7014016147992863 0.20639078238692132
v 0.4555948482153208 0.7391393548333549 0.23153528476844487
v 0.4926214478322233 0.9234118615777378 0.06669392412448838
v 0.5152377489502402 0.7434211780261832 0.24971880428667637
v 0.5522643485671428 0.9276936847705661 0.08487744364271987
vt 0.1875 0.625
vt 0.25 0.625
vt 0.25 0.5625
vt 0.1875 0.5625
vt 0.1875 0.375
vt 0.1875 0.625
vt 0.25 0.625
vt 0.25 0.375
vt 0.1875 0.4375
vt 0.25 0.4375
vt 0.25 0.375
vt 0.1875 0.375
vt 0.25 0.625
vt 0.25 0.375
vt 0.1875 0.375
vt 0.1875 0.625
vt 0.1875 0.625
vt 0.25 0.625
vt 0.25 0.375
vt 0.1875 0.375
vt 0.1875 0.375
vt 0.25 0.375
vt 0.25 0.625
vt 0.1875 0.625
vn -0.14810639846760995 -0.7370900269775319 0.6593654425758261
vn 0.25961883418896664 -0.6723130116303514 -0.6932483503960821
vn 0.14810639846760995 0.7370900269775319 -0.6593654425758261
vn -0.25961883418896664 0.6723130116303514 0.6932483503960821
vn -0.9542864117587107 -0.06850917108525272 -0.29093631229170486
vn 0.9542864117587107 0.06850917108525272 0.29093631229170486
usemtl m_2874b15e-a377-78dd-8e80-0333cf749cd2
f 164/468/117 167/467/117 165/466/117 162/465/117
f 163/472/118 164/471/118 162/470/118 161/469/118
f 168/476/119 163/475/119 161/474/119 166/473/119
f 167/480/120 168/479/120 166/478/120 165/477/120
f 166/484/121 161/483/121 162/482/121 165/481/121
f 167/488/122 164/487/122 163/486/122 168/485/122
o cube
v 0.4741081480237721 0.8312756082055461 0.14911460444646663
v 0.4555948482153208 0.7391393548333549 0.23153528476844487
v 0.5337510487586914 0.8355574313983745 0.16729812396469812
v 0.5152377489502402 0.7434211780261832 0.24971880428667637
v 0.4393686710785103 0.7811589180602518 0.2748633066682
v 0.4578819708869616 0.8732951714324431 0.19244262634622178
v 0.4990115718134298 0.7854407412530802 0.2930468261864315
v 0.517524871621881 0.8775769946252714 0.21062614586445327
vt 0.125 0.625
vt 0.1875 0.625
vt 0.1875 0.5625
vt 0.125 0.5625
vt 0.125 0.5
vt 0.125 0.625
vt 0.1875 0.625
vt 0.1875 0.5
vt 0.125 0.5625
vt 0.1875 0.5625
vt 0.1875 0.5
vt 0.125 0.5
vt 0.1875 0.625
vt 0.1875 0.5
vt 0.125 0.5
vt 0.125 0.625
vt 0.125 0.625
vt 0.1875 0.625
vt 0.1875 0.5
vt 0.125 0.5
vt 0.125 0.5
vt 0.1875 0.5
vt 0.1875 0.625
vt 0.125 0.625
vn -0.14810639846760995 -0.7370900269775319 0.6593654425758261
vn 0.25961883418896664 -0.6723130116303514 -0.6932483503960821
vn 0.14810639846760995 0.7370900269775319 -0.6593654425758261
vn -0.25961883418896664 0.6723130116303514 0.6932483503960821
vn -0.9542864117587107 -0.06850917108525272 -0.29093631229170486
vn 0.9542864117587107 0.06850917108525272 0.29093631229170486
usemtl m_2874b15e-a377-78dd-8e80-0333cf749cd2
f 172/492/123 175/491/123 173/490/123 170/489/123
f 171/496/124 172/495/124 170/494/124 169/493/124
f 176/500/125 171/499/125 169/498/125 174/497/125
f 175/504/126 176/503/126 174/502/126 173/501/126
f 174/508/127 169/507/127 170/506/127 173/505/127
f 175/512/128 172/511/128 171/510/128 176/509/128
o cube
v 0.5598132790511059 0.8894894252692382 -0.1457108218967551
v 0.5227866794342033 0.7052169185248554 0.019130538747201387
v 0.6194561797860252 0.8937712484620666 -0.1275273023785236
v 0.5824295801691228 0.7094987417176837 0.03731405826543288
v 0.5065605022973929 0.7472364817517523 0.06245856064695643
v 0.5435871019142953 0.9315089884961352 -0.102382799997
v 0.5662034030323122 0.7515183049445806 0.08064208016518792
v 0.6032300026492148 0.9357908116889635 -0.08419928047876846
vt 0.3125 0.5
vt 0.375 0.5
vt 0.375 0.4375
vt 0.3125 0.4375
vt 0.3125 0.25
vt 0.3125 0.5
vt 0.375 0.5
vt 0.375 0.25
vt 0.3125 0.3125
vt 0.375 0.3125
vt 0.375 0.25
vt 0.3125 0.25
vt 0.375 0.5
vt 0.375 0.25
vt 0.3125 0.25
vt 0.3125 0.5
vt 0.3125 0.5
vt 0.375 0.5
vt 0.375 0.25
vt 0.3125 0.25
vt 0.3125 0.25
vt 0.375 0.25
vt 0.375 0.5
vt 0.3125 0.5
vn -0.14810639846760995 -0.7370900269775319 0.6593654425758261
vn 0.25961883418896664 -0.6723130116303514 -0.6932483503960821
vn 0.14810639846760995 0.7370900269775319 -0.6593654425758261
vn -0.25961883418896664 0.6723130116303514 0.6932483503960821
vn -0.9542864117587107 -0.06850917108525272 -0.29093631229170486
vn 0.9542864117587107 0.06850917108525272 0.29093631229170486
usemtl m_2874b15e-a377-78dd-8e80-0333cf749cd2
f 180/516/129 183/515/129 181/514/129 178/513/129
f 179/520/130 180/519/130 178/518/130 177/517/130
f 184/524/131 179/523/131 177/522/131 182/521/131
f 183/528/132 184/527/132 182/526/132 181/525/132
f 182/532/133 177/531/133 178/530/133 181/529/133
f 183/536/134 180/535/134 179/534/134 184/533/134
o cube
v 0.6015222832289524 0.8515184255015402 -0.2735772058572544
v 0.536725733899373 0.52904153869887 0.014895175269669325
v 0.6611651839638717 0.8558002486943685 -0.25539368633902293
v 0.5963686346342922 0.5333233618916984 0.03307869478790093
v 0.5204995567625625 0.571061101925767 0.05822319716942448
v 0.5852961060921418 0.8935379887284371 -0.23024918395749938
v 0.5801424574974821 0.5753429251185953 0.07640671668765597
v 0.6449390068270613 0.8978198119212655 -0.21206566443926783
vt 0.4375 0.625
vt 0.5 0.625
vt 0.5 0.5625
vt 0.4375 0.5625
vt 0.4375 0.1875
vt 0.4375 0.625
vt 0.5 0.625
vt 0.5 0.1875
vt 0.4375 0.25
vt 0.5 0.25
vt 0.5 0.1875
vt 0.4375 0.1875
vt 0.5 0.625
vt 0.5 0.1875
vt 0.4375 0.1875
vt 0.4375 0.625
vt 0.4375 0.625
vt 0.5 0.625
vt 0.5 0.1875
vt 0.4375 0.1875
vt 0.4375 0.1875
vt 0.5 0.1875
vt 0.5 0.625
vt 0.4375 0.625
vn -0.14810639846760995 -0.7370900269775319 0.6593654425758261
vn 0.25961883418896664 -0.6723130116303514 -0.6932483503960821
vn 0.14810639846760995 0.7370900269775319 -0.6593654425758261
vn -0.25961883418896664 0.6723130116303514 0.6932483503960821
vn -0.9542864117587107 -0.06850917108525272 -0.29093631229170486
vn 0.9542864117587107 0.06850917108525272 0.29093631229170486
usemtl m_2874b15e-a377-78dd-8e80-0333cf749cd2
f 188/540/135 191/539/135 189/538/135 186/537/135
f 187/544/136 188/543/136 186/542/136 185/541/136
f 192/548/137 187/547/137 185/546/137 190/545/137
f 191/552/138 192/551/138 190/550/138 189/549/138
f 190/556/139 185/555/139 186/554/139 189/553/139
f 191/560/140 188/559/140 187/558/140 192/557/140
o cube
v 0.5852961060921418 0.8935379887284371 -0.23024918395749938
v 0.529756206666788 0.6171292286118628 0.017012857008435356
v 0.6449390068270613 0.8978198119212655 -0.21206566443926783
v 0.5893991074017075 0.6214110518046909 0.03519637652666685
v 0.5135300295299778 0.6591487918387597 0.06034087890819051
v 0.5690699289553316 0.9355575519553341 -0.18692116205774423
v 0.5731729302648971 0.6634306150315881 0.078524398426422
v 0.6287128296902509 0.9398393751481624 -0.16873764253951273
vt 0.375 0.5625
vt 0.4375 0.5625
vt 0.4375 0.5
vt 0.375 0.5
vt 0.375 0.1875
vt 0.375 0.5625
vt 0.4375 0.5625
vt 0.4375 0.1875
vt 0.375 0.25
vt 0.4375 0.25
vt 0.4375 0.1875
vt 0.375 0.1875
vt 0.4375 0.5625
vt 0.4375 0.1875
vt 0.375 0.1875
vt 0.375 0.5625
vt 0.375 0.5625
vt 0.4375 0.5625
vt 0.4375 0.1875
vt 0.375 0.1875
vt 0.375 0.1875
vt 0.4375 0.1875
vt 0.4375 0.5625
vt 0.375 0.5625
vn -0.14810639846760995 -0.7370900269775319 0.6593654425758261
vn 0.25961883418896664 -0.6723130116303514 -0.6932483503960821
vn 0.14810639846760995 0.7370900269775319 -0.6593654425758261
vn -0.25961883418896664 0.6723130116303514 0.6932483503960821
vn -0.9542864117587107 -0.06850917108525272 -0.29093631229170486
vn 0.9542864117587107 0.06850917108525272 0.29093631229170486
usemtl m_2874b15e-a377-78dd-8e80-0333cf749cd2
f 196/564/141 199/563/141 197/562/141 194/561/141
f 195/568/142 196/567/142 194/566/142 193/565/142
f 200/572/143 195/571/143 193/570/143 198/569/143
f 199/576/144 200/575/144 198/574/144 197/573/144
f 198/580/145 193/579/145 194/578/145 197/577/145
f 199/584/146 196/583/146 195/582/146 200/581/146
o cube
v 0.6270051102699883 0.8555669889607391 -0.3581155679179986
v 0.5992351605573114 0.7173626089024518 -0.23448454743503133
v 0.6866480110049078 0.8598488121535672 -0.3399320483997671
v 0.6588780612922309 0.72164443209528 -0.21630102791679984
v 0.583008983420501 0.7593821721293488 -0.1911565255352763
v 0.6107789331331779 0.897586552187636 -0.31478754601824355
v 0.6426518841554205 0.7636639953221769 -0.17297300601704474
v 0.6704218338680974 0.9018683753804642 -0.296604026500012
vt 0.5 0.3125
vt 0.5625 0.3125
vt 0.5625 0.25
vt 0.5 0.25
vt 0.5 0.125
vt 0.5 0.3125
vt 0.5625 0.3125
vt 0.5625 0.125
vt 0.5 0.1875
vt 0.5625 0.1875
vt 0.5625 0.125
vt 0.5 0.125
vt 0.5625 0.3125
vt 0.5625 0.125
vt 0.5 0.125
vt 0.5 0.3125
vt 0.5 0.3125
vt 0.5625 0.3125
vt 0.5625 0.125
vt 0.5 0.125
vt 0.5 0.125
vt 0.5625 0.125
vt 0.5625 0.3125
vt 0.5 0.3125
vn -0.14810639846760995 -0.7370900269775319 0.6593654425758261
vn 0.25961883418896664 -0.6723130116303514 -0.6932483503960821
vn 0.14810639846760995 0.7370900269775319 -0.6593654425758261
vn -0.25961883418896664 0.6723130116303514 0.6932483503960821
vn -0.9542864117587107 -0.06850917108525272 -0.29093631229170486
vn 0.9542864117587107 0.06850917108525272 0.29093631229170486
usemtl m_2874b15e-a377-78dd-8e80-0333cf749cd2
f 204/588/147 207/587/147 205/586/147 202/585/147
f 203/592/148 204/591/148 202/590/148 201/589/148
f 208/596/149 203/595/149 201/594/149 206/593/149
f 207/600/150 208/599/150 206/598/150 205/597/150
f 206/604/151 201/603/151 202/602/151 205/601/151
f 207/608/152 204/607/152 203/606/152 208/605/152
o cube
v 0.6432312874067989 0.8135474257338422 -0.40144358981775374
v 0.6247179875983475 0.7214111723616505 -0.31902290949577555
v 0.7028741881417182 0.8178292489266703 -0.3832600702995222
v 0.684360888333267 0.7256929955544789 -0.300839389977544
v 0.6084918104615371 0.7634307355885475 -0.2756948875960204
v 0.6270051102699883 0.8555669889607391 -0.3581155679179986
v 0.6681347111964566 0.7677125587813758 -0.2575113680777889
v 0.6866480110049078 0.8598488121535672 -0.3399320483997671
vt 0.5625 0.25
vt 0.625 0.25
vt 0.625 0.1875
vt 0.5625 0.1875
vt 0.5625 0.125
vt 0.5625 0.25
vt 0.625 0.25
vt 0.625 0.125
vt 0.5625 0.1875
vt 0.625 0.1875
vt 0.625 0.125
vt 0.5625 0.125
vt 0.625 0.25
vt 0.625 0.125
vt 0.5625 0.125
vt 0.5625 0.25
vt 0.5625 0.25
vt 0.625 0.25
vt 0.625 0.125
vt 0.5625 0.125
vt 0.5625 0.125
vt 0.625 0.125
vt 0.625 0.25
vt 0.5625 0.25
vn -0.14810639846760995 -0.7370900269775319 0.6593654425758261
vn 0.25961883418896664 -0.6723130116303514 -0.6932483503960821
vn 0.14810639846760995 0.7370900269775319 -0.6593654425758261
vn -0.25961883418896664 0.6723130116303514 0.6932483503960821
vn -0.9542864117587107 -0.06850917108525272 -0.29093631229170486
vn 0.9542864117587107 0.06850917108525272 0.29093631229170486
usemtl m_2874b15e-a377-78dd-8e80-0333cf749cd2
f 212/612/153 215/611/153 213/610/153 210/609/153
f 211/616/154 212/615/154 210/614/154 209/613/154
f 216/620/155 211/619/155 209/618/155 214/617/155
f 215/624/156 216/623/156 214/622/156 213/621/156
f 214/628/157 209/627/157 210/626/157 213/625/157
f 215/632/158 212/631/158 211/630/158 216/629/158
o cube
v 0.5899785106530859 0.671294482216356 -0.1932742072740422
v 0.5436952611319577 0.4409538487858775 0.012777493530903405
v 0.6496214113880052 0.6755763054091843 -0.17509068775581071
v 0.6033381618668772 0.44523567197870584 0.0309610130491349
v 0.5274690839951472 0.48297341201277444 0.05610551543065845
v 0.5737523335162753 0.7133140454432529 -0.14994618537428717
v 0.5871119847300668 0.48725523520560277 0.07428903494889005
v 0.6333952342511948 0.7175958686360813 -0.13176266585605562
vt 0.5 0.6875
vt 0.5625 0.6875
vt 0.5625 0.625
vt 0.5 0.625
vt 0.5 0.375
vt 0.5 0.6875
vt 0.5625 0.6875
vt 0.5625 0.375
vt 0.5 0.4375
vt 0.5625 0.4375
vt 0.5625 0.375
vt 0.5 0.375
vt 0.5625 0.6875
vt 0.5625 0.375
vt 0.5 0.375
vt 0.5 0.6875
vt 0.5 0.6875
vt 0.5625 0.6875
vt 0.5625 0.375
vt 0.5 0.375
vt 0.5 0.375
vt 0.5625 0.375
vt 0.5625 0.6875
vt 0.5 0.6875
vn -0.14810639846760995 -0.7370900269775319 0.6593654425758261
vn 0.25961883418896664 -0.6723130116303514 -0.6932483503960821
vn 0.14810639846760995 0.7370900269775319 -0.6593654425758261
vn -0.25961883418896664 0.6723130116303514 0.6932483503960821
vn -0.9542864117587107 -0.06850917108525272 -0.29093631229170486
vn 0.9542864117587107 0.06850917108525272 0.29093631229170486
usemtl m_2874b15e-a377-78dd-8e80-0333cf749cd2
f 220/636/159 223/635/159 221/634/159 218/633/159
f 219/640/160 220/639/160 218/638/160 217/637/160
f 224/644/161 219/643/161 217/642/161 222/641/161
f 223/648/162 224/647/162 222/646/162 221/645/162
f 222/652/163 217/651/163 218/650/163 221/649/163
f 223/656/164 220/655/164 219/654/164 224/653/164
o cube
v 0.5969480378856706 0.5832067923033635 -0.19539188901280824
v 0.5506647883645426 0.35286615887288475 0.010659811792137375
v 0.6565909386205901 0.5874886154961918 -0.1772083694945767
v 0.6103076890994621 0.3571479820657131 0.02884333131036887
v 0.5344386112277322 0.3948857220997817 0.05398783369189253
v 0.5807218607488602 0.6252263555302604 -0.15206386711305309
v 0.5940815119626515 0.39916754529261 0.07217135321012402
v 0.6403647614837795 0.6295081787230887 -0.1338803475948216
vt 0.5625 0.75
vt 0.625 0.75
vt 0.625 0.6875
vt 0.5625 0.6875
vt 0.5625 0.4375
vt 0.5625 0.75
vt 0.625 0.75
vt 0.625 0.4375
vt 0.5625 0.5
vt 0.625 0.5
vt 0.625 0.4375
vt 0.5625 0.4375
vt 0.625 0.75
vt 0.625 0.4375
vt 0.5625 0.4375
vt 0.5625 0.75
vt 0.5625 0.75
vt 0.625 0.75
vt 0.625 0.4375
vt 0.5625 0.4375
vt 0.5625 0.4375
vt 0.625 0.4375
vt 0.625 0.75
vt 0.5625 0.75
vn -0.14810639846760995 -0.7370900269775319 0.6593654425758261
vn 0.25961883418896664 -0.6723130116303514 -0.6932483503960821
vn 0.14810639846760995 0.7370900269775319 -0.6593654425758261
vn -0.25961883418896664 0.6723130116303514 0.6932483503960821
vn -0.9542864117587107 -0.06850917108525272 -0.29093631229170486
vn 0.9542864117587107 0.06850917108525272 0.29093631229170486
usemtl m_2874b15e-a377-78dd-8e80-0333cf749cd2
f 228/660/165 231/659/165 229/658/165 226/657/165
f 227/664/166 228/663/166 226/662/166 225/661/166
f 232/668/167 227/667/167 225/666/167 230/665/167
f 231/672/168 232/671/168 230/670/168 229/669/168
f 230/676/169 225/675/169 226/674/169 229/673/169
f 231/680/170 228/679/170 227/678/170 232/677/170
o cube
v 0.6039175651182556 0.4951191023903707 -0.19750957075157416
v 0.5576343155971273 0.2647784689598922 0.008542130053371344
v 0.6635604658531749 0.49940092558319904 -0.17932605123334266
v 0.6172772163320468 0.2690602921527203 0.02672564957160284
v 0.5414081384603169 0.30679803218678914 0.05187015195312639
v 0.5876913879814452 0.5371386656172676 -0.15418154885181912
v 0.6010510391952364 0.31107985537961724 0.07005367147135799
v 0.6473342887163644 0.541420488810096 -0.13599802933358757
vt 0.625 0.8125
vt 0.6875 0.8125
vt 0.6875 0.75
vt 0.625 0.75
vt 0.625 0.5
vt 0.625 0.8125
vt 0.6875 0.8125
vt 0.6875 0.5
vt 0.625 0.5625
vt 0.6875 0.5625
vt 0.6875 0.5
vt 0.625 0.5
vt 0.6875 0.8125
vt 0.6875 0.5
vt 0.625 0.5
vt 0.625 0.8125
vt 0.625 0.8125
vt 0.6875 0.8125
vt 0.6875 0.5
vt 0.625 0.5
vt 0.625 0.5
vt 0.6875 0.5
vt 0.6875 0.8125
vt 0.625 0.8125
vn -0.14810639846760995 -0.7370900269775319 0.6593654425758261
vn 0.25961883418896664 -0.6723130116303514 -0.6932483503960821
vn 0.14810639846760995 0.7370900269775319 -0.6593654425758261
vn -0.25961883418896664 0.6723130116303514 0.6932483503960821
vn -0.9542864117587107 -0.06850917108525272 -0.29093631229170486
vn 0.9542864117587107 0.06850917108525272 0.29093631229170486
usemtl m_2874b15e-a377-78dd-8e80-0333cf749cd2
f 236/684/171 239/683/171 237/682/171 234/681/171
f 235/688/172 236/687/172 234/686/172 233/685/172
f 240/692/173 235/691/173 233/690/173 238/689/173
f 239/696/174 240/695/174 238/694/174 237/693/174
f 238/700/175 233/699/175 234/698/175 237/697/175
f 239/704/176 236/703/176 235/702/176 240/701/176
o cube
v 0.6108870923508403 0.40703141247737795 -0.1996272524903402
v 0.5646038428297122 0.17669077904689923 0.006424448314605313
v 0.6705299930857596 0.4113132356702063 -0.18144373297210864
v 0.6242467435646315 0.18097260223972755 0.024607967832836808
v 0.5483776656929018 0.21871034227379638 0.04975247021436047
v 0.5946609152140299 0.4490509757042751 -0.15629923059058504
v 0.6080205664278211 0.22299216546662448 0.06793598973259196
v 0.6543038159489494 0.4533327988971032 -0.13811571107235354
vt 0.6875 0.875
vt 0.75 0.875
vt 0.75 0.8125
vt 0.6875 0.8125
vt 0.6875 0.5625
vt 0.6875 0.875
vt 0.75 0.875
vt 0.75 0.5625
vt 0.6875 0.625
vt 0.75 0.625
vt 0.75 0.5625
vt 0.6875 0.5625
vt 0.75 0.875
vt 0.75 0.5625
vt 0.6875 0.5625
vt 0.6875 0.875
vt 0.6875 0.875
vt 0.75 0.875
vt 0.75 0.5625
vt 0.6875 0.5625
vt 0.6875 0.5625
vt 0.75 0.5625
vt 0.75 0.875
vt 0.6875 0.875
vn -0.14810639846760995 -0.7370900269775319 0.6593654425758261
vn 0.25961883418896664 -0.6723130116303514 -0.6932483503960821
vn 0.14810639846760995 0.7370900269775319 -0.6593654425758261
vn -0.25961883418896664 0.6723130116303514 0.6932483503960821
vn -0.9542864117587107 -0.06850917108525272 -0.29093631229170486
vn 0.9542864117587107 0.06850917108525272 0.29093631229170486
usemtl m_2874b15e-a377-78dd-8e80-0333cf749cd2
f 244/708/177 247/707/177 245/706/177 242/705/177
f 243/712/178 244/711/178 242/710/178 241/709/178
f 248/716/179 243/715/179 241/714/179 246/713/179
f 247/720/180 248/719/180 246/718/180 245/717/180
f 246/724/181 241/723/181 242/722/181 245/721/181
f 247/728/182 244/727/182 243/726/182 248/725/182
o cube
v 0.6178566195834252 0.3189437225643854 -0.20174493422910622
v 0.5715733700622969 0.08860308913390669 0.004306766575839283
v 0.6774995203183445 0.3232255457572135 -0.18356141471087467
v 0.6312162707972164 0.09288491232673501 0.022490286094070777
v 0.5553471929254865 0.13062265236080384 0.047634788475594436
v 0.6016304424466146 0.36096328579128234 -0.15841691232935107
v 0.6149900936604058 0.13490447555363194 0.06581830799382593
v 0.6612733431815341 0.36524510898411067 -0.14023339281111952
vt 0.75 0.9375
vt 0.8125 0.9375
vt 0.8125 0.875
